event_id,subreddit,time_bin,spike_score,total_comments,post_count,mean_sent_during,top_keywords,top_titles,top_permalinks
worldnews__2022-02-28,worldnews,2022-02-28 00:00:00+00:00,14.224168858338313,153143.0,29,-0.06896551724137931,"ukraine, russia, russian, war, zelensky, sanctions, ukrainian, nato, ukrainian authorities, soldiers, fund, navy","Vladimir Putin says Russia Has ""no ill Intentions,"" pleads for no more sanctions | Putin threatens Ukraine with loss of statehood if Ukraine ""continues to behave like this” | Russia thinks West will ""get over"" Ukraine war, calls response ""hysteria"" | Russia calls on EU, NATO to stop arms supplies to Ukraine | Putin is increasingly frustrated, lashing out at his inner circle, US intelligence report says",https://www.reddit.com/r/worldnews/comments/t6im57/vladimir_putin_says_russia_has_no_ill_intentions/ | https://www.reddit.com/r/worldnews/comments/t79ydq/putin_threatens_ukraine_with_loss_of_statehood_if/ | https://www.reddit.com/r/worldnews/comments/t5u29k/russia_thinks_west_will_get_over_ukraine_war/ | https://www.reddit.com/r/worldnews/comments/t7fgls/russia_calls_on_eu_nato_to_stop_arms_supplies_to/ | https://www.reddit.com/r/worldnews/comments/t3zzpn/putin_is_increasingly_frustrated_lashing_out_at/
worldnews__2022-02-21,worldnews,2022-02-21 00:00:00+00:00,12.25207277346085,133577.0,23,-0.13043478260869565,"russia, ukraine, russian, putin, kyiv, swift, defence, eu, begun, troops, official says, ukrainian","Putin puts Russia’s nuclear deterrent forces on alert | Vladimir Putin orders Russian troops into eastern Ukraine separatist provinces | Rejecting US evacuation offer, Zelensky says I need anti-tank ammo, 'not a ride' | Putin ‘furious’ Ukraine invasion hasn’t been ‘easy,’ EU official says, citing intel report | Ukraine's peace talks with Russia have begun, Kyiv official says",https://www.reddit.com/r/worldnews/comments/t2o50a/putin_puts_russias_nuclear_deterrent_forces_on/ | https://www.reddit.com/r/worldnews/comments/sy5ikm/vladimir_putin_orders_russian_troops_into_eastern/ | https://www.reddit.com/r/worldnews/comments/t1o8wq/rejecting_us_evacuation_offer_zelensky_says_i/ | https://www.reddit.com/r/worldnews/comments/t2hdfx/putin_furious_ukraine_invasion_hasnt_been_easy_eu/ | https://www.reddit.com/r/worldnews/comments/t2snbe/ukraines_peace_talks_with_russia_have_begun_kyiv/
worldnews__2020-01-06,worldnews,2020-01-06 00:00:00+00:00,10.851870442319187,119685.0,12,-0.16666666666666666,"iran, shot, multiple, crashes, commit, commit war, ukrainian, plane shot, plane, base, iran says, bushfire",Multiple rockets hit Taji base in Iraq | Pentagon officials and Iraqi intelligence confirm Ukrainian plane was shot down | Boeing 737 crashes in Iran after take off | Iran says it 'unintentionally' shot down Ukrainian jetliner | PM Trudeau says Canada has intelligence from multiple sources that the plane was shot down by an Iranian surface to air missile.,https://www.reddit.com/r/worldnews/comments/eljp1u/multiple_rockets_hit_taji_base_in_iraq/ | https://www.reddit.com/r/worldnews/comments/embvsd/pentagon_officials_and_iraqi_intelligence_confirm/ | https://www.reddit.com/r/worldnews/comments/eln033/boeing_737_crashes_in_iran_after_take_off/ | https://www.reddit.com/r/worldnews/comments/en2bxz/iran_says_it_unintentionally_shot_down_ukrainian/ | https://www.reddit.com/r/worldnews/comments/emetoy/pm_trudeau_says_canada_has_intelligence_from/
news__2020-06-01,news,2020-06-01 00:00:00+00:00,8.284455582232894,110553.0,23,-0.30434782608695654,"police, protest, officers, buffalo police, force, buffalo, police officers, officer, washington dc, mayor, protester, video",Active duty troops deploying to Washington DC | Buffalo police unit resigns in protest | One dead in Louisville after police and national guard 'return fire' on protesters | GRAPHIC VIDEO: Buffalo police officers violently shove man onto ground | Online influencer Jake Paul charged after Scottsdale looting,https://www.reddit.com/r/news/comments/guuv32/active_duty_troops_deploying_to_washington_dc/ | https://www.reddit.com/r/news/comments/gxarlb/buffalo_police_unit_resigns_in_protest/ | https://www.reddit.com/r/news/comments/guikvk/one_dead_in_louisville_after_police_and_national/ | https://www.reddit.com/r/news/comments/gwvnkk/graphic_video_buffalo_police_officers_violently/ | https://www.reddit.com/r/news/comments/gwk61n/online_influencer_jake_paul_charged_after/
UpliftingNews__2020-01-20,UpliftingNews,2020-01-20 00:00:00+00:00,7.870440509915014,19432.0,5,0.0,"gay marriage, marriage, gay, gun, pick trash, pick, study shows, rates, rights, trash, study, drop","Gun-rights advocates pick-up trash after protesting peacefully in Richmond | 8News | Va. Senate votes to prohibit conversion therapy, create transgender school policy, repeal gay marriage ban | Saying ‘diabetes doesn’t discriminate,’ Illinois Gov. J.B. Pritzker signs measure limiting out-of-pocket cost of insulin to $100 for 30-day supply | Legalising gay marriage is dramatically lowering suicides rates, study shows | An Indiana teenager is being honored after a distressed parent left a newborn child in a baby drop-off box he raised $10,000 to install",https://www.reddit.com/r/UpliftingNews/comments/ervw8g/gunrights_advocates_pickup_trash_after_protesting/ | https://www.reddit.com/r/UpliftingNews/comments/eslgi8/va_senate_votes_to_prohibit_conversion_therapy/ | https://www.reddit.com/r/UpliftingNews/comments/etjudu/saying_diabetes_doesnt_discriminate_illinois_gov/ | https://www.reddit.com/r/UpliftingNews/comments/esy80o/legalising_gay_marriage_is_dramatically_lowering/ | https://www.reddit.com/r/UpliftingNews/comments/eu18lt/an_indiana_teenager_is_being_honored_after_a/
news__2020-09-28,news,2020-09-28 00:00:00+00:00,7.8086788715486195,104971.0,10,-0.2,"positive coronavirus, positive, coronavirus, trump, stand, tested positive, tested, lung, president, walter, paid, 2017","President Donald Trump says he has tested positive for coronavirus | President Trump being taken to Walter Reed as a 'precautionary measure' | NY Times: Trump paid $750 in US income taxes in 2016, 2017 | Amazon blocks sale of merchandise with ""stand back"" and ""stand by"" | Proud Boys are a dangerous ‘white supremacist’ group say US agencies",https://www.reddit.com/r/news/comments/j3oj21/president_donald_trump_says_he_has_tested/ | https://www.reddit.com/r/news/comments/j439g7/president_trump_being_taken_to_walter_reed_as_a/ | https://www.reddit.com/r/news/comments/j0zqzu/ny_times_trump_paid_750_in_us_income_taxes_in/ | https://www.reddit.com/r/news/comments/j385r6/amazon_blocks_sale_of_merchandise_with_stand_back/ | https://www.reddit.com/r/news/comments/j3gc5x/proud_boys_are_a_dangerous_white_supremacist/
television__2017-11-06,television,2017-11-06 00:00:00+00:00,7.7706661831076715,40469.0,11,0.0,"sexual, sexual assault, assault, louis, mom, fact, steven, sexually harassed, harassed, jeremy, rules, claims","Louis C.K. breaks silence on sexual assault allegations: 'These stories are true' | Jeremy Piven: ""we’re entering 'dark times' where accusations are printed as fact"" | Louis C.K. Crossed a Line Into Sexual Misconduct, 5 Women Say | It's Always Sunny in Philadelphia is leaving Netflix in December | George Takei “Shocked & Bewildered” At Sexual Assault Claims Made Against Him",https://www.reddit.com/r/television/comments/7c2x1d/louis_ck_breaks_silence_on_sexual_assault/ | https://www.reddit.com/r/television/comments/7c221a/jeremy_piven_were_entering_dark_times_where/ | https://www.reddit.com/r/television/comments/7bvsf4/louis_ck_crossed_a_line_into_sexual_misconduct_5/ | https://www.reddit.com/r/television/comments/7azeiz/its_always_sunny_in_philadelphia_is_leaving/ | https://www.reddit.com/r/television/comments/7c8nxj/george_takei_shocked_bewildered_at_sexual_assault/
television__2017-07-03,television,2017-07-03 00:00:00+00:00,7.204234042553192,37864.0,5,-0.6,"cnn, theme song, theme, daughter, costars, public, missing, finding, stars, song, asks, refused","CNN discovers identity of Reddit user behind recent Trump CNN gif, reserves right to publish his name should he resume ""ugly behavior"" | Game Of Thrones’ Lena Headey Says She Lost Roles By Not Flirting With Directors | The Asian stars of 'Hawaii Five-0' quit the show after CBS refused to pay them as much as their white costars | 'Gotham' actor Donal Logue asks public for help finding missing daughter | Creator of the Futurama Theme Song Pierre Henry Dies at 89",https://www.reddit.com/r/television/comments/6lbh08/cnn_discovers_identity_of_reddit_user_behind/ | https://www.reddit.com/r/television/comments/6lu808/game_of_thrones_lena_headey_says_she_lost_roles/ | https://www.reddit.com/r/television/comments/6ljqid/the_asian_stars_of_hawaii_five0_quit_the_show/ | https://www.reddit.com/r/television/comments/6l12kb/gotham_actor_donal_logue_asks_public_for_help/ | https://www.reddit.com/r/television/comments/6lnarb/creator_of_the_futurama_theme_song_pierre_henry/
technology__2022-04-25,technology,2022-04-25 00:00:00+00:00,6.759255283648498,42428.0,7,0.0,"musk, twitter, elon musk, elon, billion, workers, 125, accept, shares, value, wins, usd","Twitter to accept Elon Musk’s $45 billion bid to buy company | Tesla shares sink, wipe out over $125 billion in value, as Musk scores Twitter deal | Elon Musk suggested firing workers and working with influencers to boost Twitter's bottom line: reports | Elon Musk Wants to Rid Twitter of 'Spam Bots.' Nearly Half His Followers Are Fake. | 64% of workers would consider quitting if asked to return to the office full-time",https://www.reddit.com/r/technology/comments/ubjp7g/twitter_to_accept_elon_musks_45_billion_bid_to/ | https://www.reddit.com/r/technology/comments/ucqidk/tesla_shares_sink_wipe_out_over_125_billion_in/ | https://www.reddit.com/r/technology/comments/uej4db/elon_musk_suggested_firing_workers_and_working/ | https://www.reddit.com/r/technology/comments/ufz5ho/elon_musk_wants_to_rid_twitter_of_spam_bots/ | https://www.reddit.com/r/technology/comments/udx3nm/64_of_workers_would_consider_quitting_if_asked_to/
technology__2022-05-30,technology,2022-05-30 00:00:00+00:00,6.673348442714127,41970.0,9,-0.3333333333333333,"work, eu, fully, plan, costs, elon musk, elon, million, recycling, send, musk, mars","Elon Musk’s Plan to Send a Million Colonists to Mars by 2050 Is Pure Delusion | Elon Musk said working from home during the pandemic 'tricked' people into thinking they don't need to work hard. He's dead wrong, economists say. | It Costs $110,000 to Fully Gear-Up in Diablo Immortal | Netflix's plan to charge people for sharing passwords is already a mess before it's even begun, report suggests | Ford Is Going to 100% Online, Fixed-Price Sales For EVs",https://www.reddit.com/r/technology/comments/v4qvum/elon_musks_plan_to_send_a_million_colonists_to/ | https://www.reddit.com/r/technology/comments/v2dxtt/elon_musk_said_working_from_home_during_the/ | https://www.reddit.com/r/technology/comments/v56sq3/it_costs_110000_to_fully_gearup_in_diablo_immortal/ | https://www.reddit.com/r/technology/comments/v1pbcy/netflixs_plan_to_charge_people_for_sharing/ | https://www.reddit.com/r/technology/comments/v3lel5/ford_is_going_to_100_online_fixedprice_sales_for/
news__2021-11-15,news,2021-11-15 00:00:00+00:00,6.3718877551020405,88114.0,4,-0.25,,"Kyle Rittenhouse found not guilty | Alex Jones guilty in all four Sandy Hook defamation cases | ""QAnon Shaman"" Jacob Chansley sentenced to 41 months in prison for role in January 6 attack | YouTube Co-Founder Believes Removing Dislikes 'Is A Stupid Decision' And Changes Description Of First Video To Protest",https://www.reddit.com/r/news/comments/qxm3nu/kyle_rittenhouse_found_not_guilty/ | https://www.reddit.com/r/news/comments/qukmww/alex_jones_guilty_in_all_four_sandy_hook/ | https://www.reddit.com/r/news/comments/qw3ke5/qanon_shaman_jacob_chansley_sentenced_to_41/ | https://www.reddit.com/r/news/comments/qvoevi/youtube_cofounder_believes_removing_dislikes_is_a/
television__2020-03-23,television,2020-03-23 00:00:00+00:00,5.264883462282398,28945.0,12,0.0,"coronavirus, report, animation, office, adding, content, floyd, burr, 59, mandalorian season, crocodile, 69","Harvey Weinstein tests positive for coronavirus while in jail: Report | ‘Tiger King’ Ranks as TV’s Most Popular Show Right Now, According to Rotten Tomatoes | 'The Office' Planned to Break Up Jim and Pam in the Final Season | ‘The Office’ Crew Blames NBC for Forcing Steve Carell’s Exit: ‘It Was Absolutely Asinine’ | Report Says Adult Animation Is Now 'The Fastest-Growing Animation Category'",https://www.reddit.com/r/television/comments/fn7yw6/harvey_weinstein_tests_positive_for_coronavirus/ | https://www.reddit.com/r/television/comments/fr68q5/tiger_king_ranks_as_tvs_most_popular_show_right/ | https://www.reddit.com/r/television/comments/fqh3op/the_office_planned_to_break_up_jim_and_pam_in_the/ | https://www.reddit.com/r/television/comments/fogt2y/the_office_crew_blames_nbc_for_forcing_steve/ | https://www.reddit.com/r/television/comments/fo7gyg/report_says_adult_animation_is_now_the/
technology__2021-01-11,technology,2021-01-11 00:00:00+00:00,5.001353726362625,33056.0,10,-0.3,"parler, capitol, accounts, archived, banning, private, rioters, users, tiktok, points, hacker, comes","Every Deleted Parler Post, Many With Users' Location Data, Has Been Archived | Parler CEO Says Service Dropped By “Every Vendor” And Could End His Business | Leaked Parler Data Points to Users at Police Stations, U.S. Military Bases | Pirate Bay Founder Thinks Parler’s Inability to Stay Online Is ‘Embarrassing’ | GoFundMe is banning fundraising for travel expenses used for potentially violent political events",https://www.reddit.com/r/technology/comments/kv2qt2/every_deleted_parler_post_many_with_users/ | https://www.reddit.com/r/technology/comments/kunnxc/parler_ceo_says_service_dropped_by_every_vendor/ | https://www.reddit.com/r/technology/comments/ky60kb/leaked_parler_data_points_to_users_at_police/ | https://www.reddit.com/r/technology/comments/kwnc1v/pirate_bay_founder_thinks_parlers_inability_to/ | https://www.reddit.com/r/technology/comments/kviwjb/gofundme_is_banning_fundraising_for_travel/
science__2021-01-04,science,2021-01-04 00:00:00+00:00,4.726582574568289,28525.0,11,0.45454545454545453,"polarization, voters, party, rely, views, prisons, political, private, financial, opposing, hpv vaccine, compassionate","The lack of respect and open-mindedness in political discussions may be due to affective polarization, the belief those with opposing views are immoral or unintelligent. Intellectual humility, the willingness to change beliefs when presented with evidence, was linked to lower affective polarization. | The rise of comedy-news programs, like Jon Stewart, Stephen Colbert or John Oliver, may actually help inform the public. A new neuroimaging study using fMRI suggests that humor might make news and politics more socially relevant, and therefore motivate people to remember it and share it. | New Zealand’s nationwide ‘lockdown’ to curb the spread of COVID-19 was highly effective. The effective reproductive number of its largest cluster decreased from 7 to 0.2 within the first week of lockdown. Only 19% of virus introductions resulted in more than one additional case. | Supporters of a political party change their policy views “immediately and substantially” after that party switches its position on an issue, a sign that political elites could be shaping the opinions of voters. Findings call into question whether democracies genuinely represent the views of voters. | Gig economy companies like Uber, Lyft and Doordash rely on a model that resembles anti-labor practices employed decades before by the U.S. construction industry, and could lead to similar erosion in earnings for workers, finds a new study.",https://www.reddit.com/r/science/comments/krlwi9/the_lack_of_respect_and_openmindedness_in/ | https://www.reddit.com/r/science/comments/kuderv/the_rise_of_comedynews_programs_like_jon_stewart/ | https://www.reddit.com/r/science/comments/kpw0xn/new_zealands_nationwide_lockdown_to_curb_the/ | https://www.reddit.com/r/science/comments/kt16m7/supporters_of_a_political_party_change_their/ | https://www.reddit.com/r/science/comments/ktyzfy/gig_economy_companies_like_uber_lyft_and_doordash/
UpliftingNews__2018-07-16,UpliftingNews,2018-07-16 00:00:00+00:00,4.423898371104816,12217.0,7,0.5714285714285714,"world, finds, work, drone, dead, say, day, study finds, largest, success, day week, new study","Young People Are Registering to Vote in Huge Numbers, New Study Finds | Alabama college student walked 20 miles to 1st day of work so his boss gave him his car | Work less, get more: New Zealand firm's four-day week an 'unmitigated success' | Police say a teenager who attached uplifting messages to a bridge to help people facing a mental health crisis has helped save six lives. | Thailand Cave Boys Say They Want To Be Navy SEAL Divers In First Public Comments Since Rescue",https://www.reddit.com/r/UpliftingNews/comments/90fww2/young_people_are_registering_to_vote_in_huge/ | https://www.reddit.com/r/UpliftingNews/comments/8zen3i/alabama_college_student_walked_20_miles_to_1st/ | https://www.reddit.com/r/UpliftingNews/comments/903kws/work_less_get_more_new_zealand_firms_fourday_week/ | https://www.reddit.com/r/UpliftingNews/comments/90znwq/police_say_a_teenager_who_attached_uplifting/ | https://www.reddit.com/r/UpliftingNews/comments/8zvdj8/thailand_cave_boys_say_they_want_to_be_navy_seal/
science__2020-12-21,science,2020-12-21 00:00:00+00:00,4.0603417582417585,25379.0,9,0.5555555555555556,"democrats, republicans, deficiency, vitamin deficiency, reality, droplets, right wing, wing, authoritarianism, patients, cash, suicide","5- to 9-year-old children chose to save multiple dogs over 1 human, and valued the life of a dog as much as a human. By contrast, almost all adults chose to save 1 human over even 100 dogs. The view that humans are morally more important than animals appears later and may be socially acquired. | New study links psychopathic tendencies to racial prejudice and right-wing authoritarianism. People with calloused, deceitful, and manipulative interpersonal styles are more likely to endorse right-wing authoritarianism and express hostile attitudes towards marginalized groups. | Study: Vitamin D deficiency found in over 80% of COVID-19 patients | Republican lawmakers vote far more often against the policy views held by their district than Democratic lawmakers do. At the same time, Republicans are not punished for it at the same rate as Democrats. Republicans engage in representation built around identity, while Democrats do it around policy. | One in four women with ADHD has attempted suicide. Women with Attention Deficit Hyperactivity Disorder are eight times more likely to attempt suicide, while men with ADHD are four and a half times more likely; parental violence and substance dependence increase the prevalence of suicide attempts.",https://www.reddit.com/r/science/comments/kjx2kk/5_to_9yearold_children_chose_to_save_multiple/ | https://www.reddit.com/r/science/comments/kh2653/new_study_links_psychopathic_tendencies_to_racial/ | https://www.reddit.com/r/science/comments/kignc6/study_vitamin_d_deficiency_found_in_over_80_of/ | https://www.reddit.com/r/science/comments/khjx24/republican_lawmakers_vote_far_more_often_against/ | https://www.reddit.com/r/science/comments/ki5vwr/one_in_four_women_with_adhd_has_attempted_suicide/
science__2020-12-14,science,2020-12-14 00:00:00+00:00,3.9631375196232335,24920.0,7,0.2857142857142857,"dogs, attraction, overestimate, models, method, interpersonal, engaged, nature, trained, female, stress, meat","Women overestimate men's attraction to thin female fashion models, study finds | German scientists say the prices we pay for meat and dairy products are too low as they fail to account for costs to society and the climate in terms of greenhouse gas emissions. The biggest polluter is conventionally-produced meat, they say, which should be nearly 2.5 times its current price. | Mortality among US young adults is rising due to “deaths of despair” from suicide, drug overdoses, due to hopelessness, cynicism, poor interpersonal skills and failure in relationships. Childhood intervention to improve emotional awareness and interpersonal competence could help reduce these deaths. | LED lights found to kill coronavirus efficiently, quickly, and cheaply, a global first in fight against COVID-19. The finding suggests the UV-LEDs can be installed in air conditioning and water systems. It requires less than half a minute to destroy more than 99.9% of coronaviruses. | Dads engaged in their kid’s lives can help to improve their mental health and behavior - teens in low-income families whose fathers are more frequently engaged in reading, playing and providing necessities such as clothes and food during childhood have fewer behavioral and emotional problems.",https://www.reddit.com/r/science/comments/kfulot/women_overestimate_mens_attraction_to_thin_female/ | https://www.reddit.com/r/science/comments/ke5pdv/german_scientists_say_the_prices_we_pay_for_meat/ | https://www.reddit.com/r/science/comments/kfis7n/mortality_among_us_young_adults_is_rising_due_to/ | https://www.reddit.com/r/science/comments/kd67rx/led_lights_found_to_kill_coronavirus_efficiently/ | https://www.reddit.com/r/science/comments/kcvpjn/dads_engaged_in_their_kids_lives_can_help_to/
UpliftingNews__2020-05-25,UpliftingNews,2020-05-25 00:00:00+00:00,3.8998711048158636,11120.0,8,0.25,"protesters, peaceful, colors, cleanup, help provide, violent, english, patient, protests, seattle, mit, death","Peaceful protest in Santa Fe draws hundreds carrying signs, singing and almost all wearing masks. | New Zealand Discharges Its Last COVID Patient From The Hospital | HW English | Colin Kaepernick will help provide legal assistance for Minneapolis protesters after death of George Floyd | Crayola launches ‘Colors of the World’ skin tone crayons so children can “accurately color themselves into the world.” The 32-count crayon pack will feature 24 new colors designed to mirror and represent over 40 different skin tones plus four hair and four eye colors. | Genesee County Sheriff takes off his helmet, sets down the baton, and walks with peaceful protesters in Flint",https://www.reddit.com/r/UpliftingNews/comments/gtemk6/peaceful_protest_in_santa_fe_draws_hundreds/ | https://www.reddit.com/r/UpliftingNews/comments/gs73sf/new_zealand_discharges_its_last_covid_patient/ | https://www.reddit.com/r/UpliftingNews/comments/gt59do/colin_kaepernick_will_help_provide_legal/ | https://www.reddit.com/r/UpliftingNews/comments/gqitnw/crayola_launches_colors_of_the_world_skin_tone/ | https://www.reddit.com/r/UpliftingNews/comments/gtrjby/genesee_county_sheriff_takes_off_his_helmet_sets/
